0.0 0.133 0.214 0.27
0.04280418980064317 0.20160173382295815 0.1988776074768606 0.22835550743102145
0.09616575450188941 0.1954467399271925 0.20311018258723598 0.23287101901797713
0.0979132273568508 0.21812343785761834 0.19653808201066472 0.2312084008481571
0.11101177281907294 0.2227236030473715 0.1906213960656182 0.22132534522222255
0.12878948298692902 0.21914006163797856 0.19461092345089875 0.22616635362890605
0.11844617291278857 0.21264685912320885 0.19239315593933407 0.22711695907796758
0.12709551283158493 0.21645399522004918 0.19448744166679882 0.21668781745355545
0.12406608517994656 0.22257170647785493 0.19644651999355758 0.2241675539773186
0.13204309939334583 0.22897236956240652 0.19264401188011646 0.22119623077589495
0.11417922262250052 0.22094165409452865 0.19157754172376854 0.2194968263538914
0.12809983556991092 0.23119536979857622 0.19368227690676004 0.22163935901414147
0.12632375300126727 0.22515345220504207 0.19510491178599484 0.22847079536768966
0.12250187918578637 0.23654185924390544 0.19835340748216393 0.22237704021269583
0.10328880702569189 0.23741552100789903 0.19897538729486794 0.22950141235625374
0.11183935930906523 0.23645881293063528 0.2007864199513981 0.22948890723346893
0.11545512563393455 0.23961815994386487 0.20013024142538005 0.22691280524591614
0.11456224300468426 0.23811144384852884 0.20343264275148323 0.22817559018420883