0.0 0.133 0.214 0.27 0.18
0.04280418980064317 0.20160173382295815 0.200568307268474 0.2671032643413395 0.203
0.09616575450188941 0.1954467399271925 0.1943992314872916 0.2653585561754797 0.202
0.0979132273568508 0.21812343785761834 0.19578938849837843 0.26581880358174925 0.211
0.11101177281907294 0.2227236030473715 0.19580531795819484 0.2652209941015451 0.214
0.12878948298692902 0.21914006163797856 0.19480494761560097 0.2652357706376281 0.214
0.11844617291278857 0.21264685912320885 0.19098514971537514 0.2634918945035475 0.209
0.12709551283158493 0.21645399522004918 0.19015205931533305 0.26332312509347844 0.210
0.12406608517994656 0.22257170647785493 0.19399217829271048 0.26501951230658677 0.214
0.13204309939334583 0.22897236956240652 0.1913758157437348 0.2639267886854602 0.216
0.11417922262250052 0.22094165409452865 0.1916112849432229 0.2636358997450702 0.212
0.12809983556991092 0.23119536979857622 0.1915855842657778 0.2640212324643147 0.216
0.12632375300126727 0.22515345220504207 0.1943042860285571 0.26524881489714663 0.215
0.12250187918578637 0.23654185924390544 0.19151705754236964 0.26410391351880164 0.218
0.10328880702569189 0.23741552100789903 0.19546495169655584 0.2653966386186115 0.218
0.11183935930906523 0.23645881293063528 0.1952282774372787 0.26547618736841405 0.219
0.11545512563393455 0.23961815994386487 0.19514162398787996 0.26499435229124235 0.220
0.11456224300468426 0.23811144384852884 0.19497220837245285 0.26527226129414966 0.219