0.0 0.133 0.214 0.27 0.18
0.030845771144278604 0.1902208185426685 0.1988776074768606 0.22835550743102145 0.203
0.10822619575390374 0.2060170475260656 0.20311018258723598 0.23287101901797713 0.202
0.12556453939637033 0.22611426962951972 0.19653808201066472 0.2312084008481571 0.211
0.12397418846362247 0.20782131406074886 0.1906213960656182 0.22132534522222255 0.214
0.09298596704020082 0.19833452971738785 0.19461092345089875 0.22616635362890605 0.214
0.11705334712575734 0.22270016140556695 0.19239315593933407 0.22711695907796758 0.209
0.10725190918690512 0.2091746843401387 0.19448744166679882 0.21668781745355545 0.210
0.11928969016304615 0.2177085097241877 0.19644651999355758 0.2241675539773186 0.214
0.12043408881211713 0.21771775526842294 0.19264401188011646 0.22119623077589495 0.216
0.10610914582929507 0.21603875815042728 0.19157754172376854 0.2194968263538914 0.212
0.11457422927793845 0.2221024827401525 0.19368227690676004 0.22163935901414147 0.216
0.12398472309917556 0.22479705199942607 0.19510491178599484 0.22847079536768966 0.215
0.11924409072037266 0.22496923696141857 0.19835340748216393 0.22237704021269583 0.218
0.10200808193825778 0.22646670710206385 0.19897538729486794 0.22950141235625374 0.218
0.110377567607507 0.23374143119513724 0.2007864199513981 0.22948890723346893 0.219
0.11416522995583138 0.23100215512937564 0.20013024142538005 0.22691280524591614 0.220
0.09514752967834095 0.2308715098124401 0.20343264275148323 0.22817559018420883